0.088773
0.089152
0.11524
0.13881
0.12567
0.13136
0.09991
0.087031
0.11158
0.1086
0.13076
0.093846
0.12987
0.13148
0.060673
0.081358
0.12188
0.10206
0.17197
0.10964
0.1276
0.086764
0.17514
0.13523
0.09418
0.09134
0.13167
0.13868
0.12123
0.068739
0.11241
0.10314
0.091731
0.1823
0.12613
0.084
0.10506
0.15066
0.088904
0.12309
0.14205
0.11641
0.1068
0.09276
0.11969
0.091942
0.10185
0.098434
0.055322
0.10249
0.13935
0.13935
0.13935
0.13935
0.13935
0.13935
0.13935
0.13935
0.13935
0.13935
0.13935
0.13935
0.13935
0.13935
0.13935
0.13935
0.13935
0.13935
0.13935
0.13935
0.13935
0.13935
0.13935
0.13935
0.13935
0.13935
0.13935
0.13935
0.13935
0.13935
0.13935
0.13935
0.13935
0.13935
0.13935
0.13935
0.13935
0.13935
0.13935
0.13935
0.13935
0.13935
0.13935
0.13935
0.13935
0.13935
0.13935
0.13935
0.13935
0.13935
0.13935
0.13935
0.13935
0.13935
0.13935
0.13935
0.13935
0.13935
0.13935
0.13935
0.13935
0.13935
0.13935
0.13935
0.13935
0.13935
0.13935
0.13935
0.13935
0.13935
0.13935
0.13935
0.13935
0.13935
0.13935
0.13935
0.13935
0.13935
0.13935
0.13935
0.13935
0.13935
0.13935
0.13935
0.13935
0.13935
0.13935
0.13935
0.13935
0.13935
0.13935
0.13935
0.13935
0.13935
0.13935
0.13935
0.13935
0.13935
0.13935
0.13935
