0.014908
0.0058399
0.010106
0.0064759
0.0166
0.02354
0.014645
0.012161
0.0036262
0.0047864
0.017845
0.011105
0.0038026
0.0060139
0.026176
0.034459
0.027068
0.016859
0.020071
0.021314
0.010744
0.021485
0.019781
0.014556
0.0084583
0.0041628
0.015179
0.014113
0.013216
0.0074597
0.0057678
0.016409
0.022836
0.027709
0.0047864
0.011249
0.016138
0.0047864
0.0062872
0.012247
0.017654
-0.0041278
0.009845
0.020859
0.019736
0.0077034
0.018481
0.0091369
0.017758
0.011264
-0.00061659
-0.00061659
-0.00061659
-0.00061659
-0.00061659
-0.00061659
-0.00061659
-0.00061659
-0.00061659
-0.00061659
-0.00061659
-0.00061659
-0.00061659
-0.00061659
-0.00061659
-0.00061659
-0.00061659
-0.00061659
-0.00061659
-0.00061659
-0.00061659
-0.00061659
-0.00061659
-0.00061659
-0.00061659
-0.00061659
-0.00061659
-0.00061659
-0.00061659
-0.00061659
-0.00061659
-0.00061659
-0.00061659
-0.00061659
-0.00061659
-0.00061659
-0.00061659
-0.00061659
-0.00061659
-0.00061659
-0.00061659
-0.00061659
-0.00061659
-0.00061659
-0.00061659
-0.00061659
-0.00061659
-0.00061659
-0.00061659
-0.00061659
-0.00061659
-0.00061659
-0.00061659
-0.00061659
-0.00061659
-0.00061659
-0.00061659
-0.00061659
-0.00061659
-0.00061659
-0.00061659
-0.00061659
-0.00061659
-0.00061659
-0.00061659
-0.00061659
-0.00061659
-0.00061659
-0.00061659
-0.00061659
-0.00061659
-0.00061659
-0.00061659
-0.00061659
-0.00061659
-0.00061659
-0.00061659
-0.00061659
-0.00061659
-0.00061659
-0.00061659
-0.00061659
-0.00061659
-0.00061659
-0.00061659
-0.00061659
-0.00061659
-0.00061659
-0.00061659
-0.00061659
-0.00061659
-0.00061659
-0.00061659
-0.00061659
-0.00061659
-0.00061659
-0.00061659
-0.00061659
-0.00061659
-0.00061659
