0.047832
0.054897
0.051138
0.052278
0.045935
0.034009
0.043381
0.049005
0.054723
0.05759
0.045731
0.048281
0.058829
0.057203
0.042558
0.027355
0.034142
0.043555
0.040872
0.038868
0.050318
0.036143
0.044688
0.038004
0.048182
0.055176
0.040418
0.048144
0.049728
0.051039
0.052935
0.041831
0.043113
0.038354
0.05759
0.052206
0.049245
0.05759
0.053205
0.04935
0.043243
0.060132
0.050103
0.030313
0.034459
0.050276
0.043112
0.05076
0.045386
0.050589
0.011308
0.011308
0.011308
0.011308
0.011308
0.011308
0.011308
0.011308
0.011308
0.011308
0.011308
0.011308
0.011308
0.011308
0.011308
0.011308
0.011308
0.011308
0.011308
0.011308
0.011308
0.011308
0.011308
0.011308
0.011308
0.011308
0.011308
0.011308
0.011308
0.011308
0.011308
0.011308
0.011308
0.011308
0.011308
0.011308
0.011308
0.011308
0.011308
0.011308
0.011308
0.011308
0.011308
0.011308
0.011308
0.011308
0.011308
0.011308
0.011308
0.011308
0.011308
0.011308
0.011308
0.011308
0.011308
0.011308
0.011308
0.011308
0.011308
0.011308
0.011308
0.011308
0.011308
0.011308
0.011308
0.011308
0.011308
0.011308
0.011308
0.011308
0.011308
0.011308
0.011308
0.011308
0.011308
0.011308
0.011308
0.011308
0.011308
0.011308
0.011308
0.011308
0.011308
0.011308
0.011308
0.011308
0.011308
0.011308
0.011308
0.011308
0.011308
0.011308
0.011308
0.011308
0.011308
0.011308
0.011308
0.011308
0.011308
0.011308
