19 491
19 492
19 493
19 494
19 495
19 496
19 497
19 498
20 499
20 500
20 501
20 502
21 502
21 503
21 504
21 505
22 505
22 506
22 507
23 508
23 509
23 510
23 511
23 512
24 513
24 514
24 515
24 516
24 517
24 518
24 519
24 520
24 521
24 522
24 523
25 524
25 525
25 526
25 527
25 528
26 529
26 530
27 531
27 532
27 533
27 534
27 535
28 536
28 537
28 538
28 539
28 540
29 540
29 541
29 542
29 543
30 544
30 545
30 546
31 547
31 548
31 549
31 550
31 551
31 552
32 552
32 553
32 554
32 555
32 556
33 556
20 488
20 489
20 490
21 486
21 487
21 488
22 477
22 478
22 479
22 480
22 481
22 482
22 483
22 484
22 485
23 473
23 474
23 475
23 476
24 468
24 469
24 470
24 471
24 472
25 457
25 458
25 459
25 460
25 461
25 462
25 463
25 464
25 465
25 466
25 467
26 453
26 454
26 455
26 456
27 438
27 439
27 440
27 441
27 442
27 443
27 444
27 445
27 446
27 447
27 448
27 449
27 450
27 451
27 452
28 431
28 432
29 433
29 434
29 435
28 436
28 437
29 428
29 429
29 430
30 426
30 427
30 428
31 424
31 425
31 426
32 419
32 420
32 421
32 422
32 423
33 411
33 412
33 413
33 414
33 415
33 416
33 417
33 418
33 559
33 560
34 560
34 561
34 562
35 562
35 563
35 564
35 565
35 566
36 567
36 568
36 569
36 570
37 571
37 572
37 573
37 574
38 574
38 575
38 576
38 577
39 578
39 579
39 580
40 580
40 581
40 582
40 583
41 584
41 585
41 586
41 587
42 587
42 588
42 589
42 590
43 590
43 591
43 592
44 592
44 593
45 594
45 595
45 596
46 597
46 598
47 598
47 599
47 600
48 601
48 602
48 603
49 604
49 605
49 606
50 606
50 607
50 608
51 608
51 609
52 610
52 611
53 612
53 613
53 614
54 615
54 616
54 617
54 618
55 619
55 620
55 621
56 621
56 622
57 622
58 623
59 623
59 624
59 625
59 626
59 627
60 627
61 627
61 628
62 628
63 629
63 630
64 630
64 631
65 631
65 632
66 632
66 633
67 633
67 634
68 634
68 635
69 635
69 636
70 636
71 636
72 636
72 637
73 637
74 637
75 637
76 637
76 638
77 638
78 638
79 638
80 637
81 637
82 637
83 637
84 636
84 637
85 637
86 637
87 638
88 638
89 638
90 638
91 638
92 638
93 639
94 639
95 639
96 639
97 639
98 639
99 639
100 639
101 639
102 638
102 639
103 638
104 638
105 638
106 638
107 638
108 638
109 637
110 637
111 637
112 637
113 636
113 637
114 636
115 636
116 635
117 634
117 635
118 634
119 634
120 633
121 633
122 632
123 632
124 631
124 632
125 631
126 630
126 631
127 630
127 629
128 629
34 408
34 409
34 410
35 389
35 390
35 391
35 392
35 393
35 394
35 395
35 396
35 397
35 398
35 399
35 400
36 401
36 402
36 403
36 404
36 405
35 406
35 407
35 408
36 387
36 388
37 387
37 386
38 385
38 386
39 385
40 384
41 384
42 384
43 383
44 383
45 383
46 383
47 383
48 382
48 381
49 380
49 379
48 378
48 377
47 376
46 375
45 374
44 374
43 374
42 374
41 374
40 375
39 375
38 375
37 375
36 374
35 373
35 372
35 371
36 370
35 369
35 368
36 367
36 366
36 365
36 364
36 363
36 362
37 361
37 360
38 359
38 360
54 329
53 330
52 331
51 331
50 332
49 332
48 333
47 333
46 334
45 335
44 335
43 336
42 337
42 338
42 339
42 340
42 341
42 342
55 328
55 329
54 330
56 327
56 328
57 327
58 327
59 327
60 327
61 327
62 327
63 327
64 326
65 326
66 326
67 325
67 326
68 325
69 325
70 325
71 324
72 324
73 324
74 323
74 324
75 324
67 295
67 296
67 297
67 298
67 299
67 300
67 301
67 302
67 303
67 304
67 305
68 306
67 307
67 308
67 309
67 310
67 311
67 312
68 312
68 313
68 314
68 315
69 315
69 316
70 316
70 317
71 317
71 318
72 319
72 320
73 320
74 320
74 321
75 320
75 321
76 321
77 321
78 321
68 290
68 291
68 292
68 293
68 294
69 277
69 278
69 279
69 280
69 281
69 282
69 283
69 284
69 285
69 286
69 287
69 288
69 289
70 268
70 269
70 270
70 271
70 272
70 273
70 274
70 275
70 276
71 262
71 263
71 264
71 265
71 266
71 267
72 247
72 248
72 249
72 250
72 251
72 252
72 253
72 254
72 255
72 256
72 257
72 258
72 259
72 260
72 261
73 239
73 240
73 241
73 242
73 243
73 244
73 245
73 246
74 235
74 236
74 237
74 238
74 239
75 233
75 234
75 235
76 231
76 232
76 233
77 230
77 231
78 230
79 229
79 230
80 229
81 228
82 228
83 228
84 228
85 228
86 229
87 229
88 229
89 229
90 229
91 229
92 229
93 229
94 229
95 228
95 229
96 228
97 227
97 228
98 227
99 226
99 225
99 224
98 223
97 223
96 223
95 223
94 222
93 222
92 221
91 220
90 220
89 219
88 218
87 217
86 216
85 215
84 214
83 213
83 212
82 211
82 210
81 209
81 208
80 207
80 206
80 205
80 204
80 203
80 202
80 201
80 200
80 199
80 198
80 197
81 196
81 195
81 194
80 193
80 192
80 191
80 190
80 189
80 188
80 187
80 186
81 185
81 184
81 183
81 182
81 181
81 180
81 179
81 178
81 177
81 176
82 175
82 174
82 173
82 172
83 171
83 170
83 169
84 168
84 167
85 166
85 165
86 164
86 165
81 207
82 176
82 209
83 172
83 211
84 169
84 213
85 214
84 420
83 420
82 420
81 420
80 421
79 421
78 421
77 422
76 422
75 422
74 421
73 420
73 419
73 418
74 417
75 417
76 417
77 417
78 417
79 417
80 417
81 417
82 416
82 417
83 416
84 416
85 416
86 416
87 416
88 416
88 417
89 417
90 417
91 417
91 418
92 417
92 418
93 418
94 418
95 418
85 167
85 216
86 217
87 218
88 219
89 220
85 420
86 420
87 420
88 420
89 420
90 420
91 420
92 420
93 421
93 422
94 422
86 326
85 326
84 326
83 325
82 324
81 325
80 326
79 327
78 327
77 328
76 328
75 328
74 329
73 329
72 329
71 329
70 329
69 330
68 330
67 330
66 330
65 331
64 331
63 331
62 331
61 331
60 331
59 331
58 331
57 331
56 331
87 161
87 162
87 163
87 326
88 326
89 326
90 326
91 326
92 325
93 325
94 325
95 324
95 325
96 324
97 324
98 323
99 323
100 322
101 321
101 322
102 321
102 320
102 319
103 318
103 319
104 318
104 317
105 316
88 158
88 159
88 160
89 156
89 157
89 158
90 134
90 135
90 136
90 137
90 138
90 139
90 140
91 140
91 141
92 141
93 141
94 141
95 141
96 140
97 140
98 140
99 140
100 140
101 140
102 140
103 140
104 141
105 141
106 140
106 141
107 140
108 140
109 140
110 140
111 139
111 140
112 140
112 141
113 141
113 142
112 143
111 144
110 145
109 146
108 146
107 146
106 146
105 146
104 146
103 146
102 146
101 145
100 145
99 146
98 146
97 146
96 146
95 147
94 148
94 149
93 150
92 151
92 152
91 153
90 154
90 155
90 156
91 129
91 130
91 131
91 132
91 133
91 154
91 221
92 124
92 125
92 126
92 127
92 128
92 129
93 110
93 111
93 112
93 113
93 114
93 115
93 116
93 117
93 118
93 119
93 120
92 121
92 122
93 124
94 124
95 124
96 124
97 124
98 124
99 124
100 125
101 125
102 125
103 125
104 125
105 125
106 126
107 126
108 125
109 125
110 124
110 125
111 124
112 124
93 151
94 105
94 106
94 107
94 108
94 109
94 223
95 64
95 65
95 66
95 67
95 68
95 69
95 70
95 71
95 72
95 73
95 74
95 75
95 76
95 77
95 78
95 79
95 80
95 81
95 82
95 83
95 84
95 85
95 86
95 87
95 88
95 89
95 90
95 91
95 92
95 93
95 94
95 95
95 96
95 97
95 98
95 99
95 100
95 101
95 102
95 103
95 104
95 148
96 147
96 60
96 61
96 62
96 63
96 64
97 57
97 58
97 59
98 55
98 56
99 52
99 53
99 54
99 227
100 226
100 50
100 51
100 52
101 48
101 49
101 50
102 46
102 47
102 121
101 121
100 121
99 121
98 120
97 120
96 120
95 120
94 120
103 44
103 45
103 121
104 121
105 121
106 122
107 121
108 121
109 121
110 121
111 121
104 42
104 43
105 40
105 41
106 40
106 39
106 38
107 37
107 38
108 37
108 36
109 36
110 35
111 34
111 33
112 32
112 33
113 32
114 31
114 32
115 31
116 30
116 31
117 30
118 30
119 29
120 29
121 28
121 29
122 28
123 27
123 28
124 27
125 27
126 26
126 27
127 26
128 26
129 26
130 26
131 26
132 26
133 26
134 26
135 27
136 27
137 27
138 27
139 27
140 27
141 27
142 27
143 27
144 27
145 27
146 28
147 28
148 28
149 28
150 29
151 29
152 29
153 29
154 29
155 29
156 29
157 29
158 30
159 30
160 30
160 31
161 31
162 31
162 32
163 32
164 32
164 33
165 33
165 34
166 34
166 35
167 35
167 36
168 36
169 37
170 37
171 37
171 38
172 38
173 38
173 39
174 39
108 352
107 352
106 352
105 351
104 351
103 351
102 351
101 351
100 351
99 350
99 351
109 352
110 352
111 352
112 352
113 352
114 351
115 351
116 351
117 351
118 351
119 351
120 351
121 350
122 350
123 350
124 351
125 351
126 351
127 351
127 352
128 351
129 351
110 146
111 145
112 144
111 35
119 700
119 699
120 698
120 697
121 696
121 695
122 694
122 693
123 692
123 691
123 690
124 689
124 688
125 687
125 686
126 685
126 686
127 685
127 684
128 683
128 684
129 683
130 682
131 682
132 681
132 682
133 681
134 680
135 680
136 679
137 679
138 679
139 679
140 678
141 678
142 678
143 678
144 677
145 677
146 677
147 678
148 678
149 678
150 678
151 678
152 678
152 679
153 679
154 679
155 679
156 679
157 679
157 680
158 680
159 680
160 680
161 680
162 680
163 680
164 680
165 680
165 681
166 681
167 681
168 681
169 681
170 682
171 682
172 682
173 683
174 683
174 684
175 684
176 684
177 684
177 685
178 685
179 685
180 685
181 685
182 685
183 686
184 686
185 686
186 686
187 687
188 687
189 687
189 688
190 688
191 688
192 688
193 688
193 689
194 689
195 690
196 690
197 691
198 691
199 691
200 691
200 692
201 692
202 692
203 693
204 693
205 693
206 694
207 694
208 694
209 694
209 695
210 695
211 695
211 696
212 696
213 696
213 697
214 697
215 698
216 698
217 699
218 699
219 699
220 700
221 700
222 700
222 701
223 701
119 701
119 702
119 703
119 704
119 705
119 706
119 707
119 708
119 709
119 710
119 711
119 712
119 713
119 714
120 715
120 716
120 717
121 718
121 719
121 720
121 721
122 721
122 722
122 723
123 723
123 724
123 725
124 725
124 726
124 727
125 727
125 728
126 729
126 730
126 731
127 731
127 732
128 732
128 733
129 733
129 734
130 735
130 736
131 736
131 737
131 738
132 738
132 739
132 740
133 741
133 742
134 743
134 744
135 744
135 745
135 746
136 746
136 747
137 747
137 748
137 749
138 749
138 750
139 750
139 751
140 751
140 752
141 752
141 753
142 753
142 754
143 754
143 755
144 755
144 756
145 756
145 757
146 757
146 758
147 758
147 759
148 759
149 759
149 760
150 760
150 761
151 761
151 762
152 762
153 762
153 763
154 763
154 764
155 764
156 764
156 765
157 765
157 766
158 766
159 766
159 767
160 767
161 768
162 768
162 769
163 769
164 770
165 771
165 772
166 772
166 773
167 773
168 774
169 774
170 775
171 775
172 775
173 776
174 776
175 776
176 777
177 777
178 777
178 778
179 778
180 778
181 779
182 779
183 779
184 779
185 779
186 779
187 779
188 779
189 779
190 779
191 779
192 778
193 778
194 778
195 778
196 777
197 777
198 776
198 777
199 776
200 775
201 775
202 775
202 776
143 241
142 240
142 239
142 238
143 238
144 237
145 237
146 238
147 238
148 238
149 239
150 239
151 240
152 240
152 241
153 241
154 242
155 242
155 243
156 243
157 243
157 244
158 244
159 244
159 245
160 245
161 245
162 246
163 246
164 246
165 246
166 247
167 247
167 248
168 249
168 250
169 251
169 252
170 252
170 253
171 254
171 255
170 256
169 257
168 257
167 257
166 256
165 256
164 256
163 256
162 255
161 255
160 254
159 254
158 253
157 252
156 251
155 250
154 249
154 248
153 247
152 246
151 245
150 244
149 244
148 243
147 243
146 242
145 242
144 241
144 242
146 243
150 245
151 246
155 249
155 251
156 252
157 253
158 254
158 675
157 675
156 675
155 675
154 675
153 674
152 674
151 674
150 673
149 673
148 673
147 673
146 673
145 673
144 672
143 672
142 672
141 672
140 671
139 670
138 669
137 668
136 667
135 666
134 665
133 664
132 663
131 662
130 661
130 660
129 659
129 658
129 657
128 656
128 655
127 654
127 653
126 652
126 651
126 650
125 649
125 648
125 647
124 646
123 645
122 644
121 643
120 643
119 643
118 642
117 641
116 640
116 639
117 640
159 675
160 675
161 676
162 676
163 676
164 676
165 676
166 677
167 677
168 677
169 677
170 677
170 678
171 678
172 678
172 679
173 679
174 679
174 680
175 680
176 680
177 680
178 681
179 681
180 681
181 681
182 681
183 681
183 682
184 682
185 682
186 682
186 683
187 683
188 683
189 683
190 684
191 684
192 684
193 684
194 683
194 682
160 255
162 256
164 332
163 332
162 333
161 334
160 334
159 335
158 336
157 336
156 337
155 338
155 339
156 338
157 337
165 331
165 332
166 331
166 330
167 329
167 330
168 329
168 328
169 327
169 328
170 327
170 326
170 325
171 325
172 324
173 324
174 323
175 323
176 322
177 322
178 321
178 322
179 321
180 320
180 321
166 257
176 40
177 39
177 40
178 39
178 38
179 37
179 38
180 37
180 36
181 36
182 35
183 35
184 34
185 34
186 34
187 33
187 34
188 33
189 33
190 33
191 33
192 34
193 34
194 34
195 34
195 35
196 35
197 36
198 36
199 36
200 36
201 37
202 37
202 38
202 39
203 39
204 40
205 39
205 40
206 39
207 38
207 39
208 38
209 38
210 37
210 38
211 37
212 36
212 37
213 36
213 35
214 35
215 34
216 33
216 34
217 33
218 32
218 33
219 32
220 32
221 32
222 32
223 33
224 33
225 33
226 33
226 34
227 34
228 34
229 34
230 34
231 34
232 34
233 34
234 35
235 35
236 35
237 36
238 36
239 36
240 37
241 37
242 37
243 38
244 38
245 38
246 39
247 39
248 39
249 39
250 39
251 39
252 39
253 39
253 40
254 40
255 41
256 41
257 42
258 42
259 42
260 43
261 43
262 43
262 44
263 44
264 44
265 45
266 45
267 45
267 46
268 46
269 46
269 47
270 47
271 47
271 48
272 48
273 48
273 49
274 49
274 50
275 50
275 51
276 52
276 53
276 54
276 55
277 56
277 57
278 57
279 57
280 57
281 57
282 57
283 57
284 57
285 57
286 57
286 58
287 58
288 58
288 59
289 59
290 59
290 60
291 60
292 60
292 61
293 61
293 62
294 62
295 62
295 63
296 63
297 63
297 64
298 64
299 64
299 65
300 65
301 65
302 66
303 66
304 66
304 67
305 67
306 67
307 68
308 68
309 68
309 69
310 69
311 69
311 70
312 70
312 71
313 71
314 72
315 72
316 73
317 73
318 73
318 74
319 74
320 74
320 75
321 75
322 76
323 76
323 77
324 77
324 78
325 78
326 79
327 79
327 80
328 80
329 81
330 81
331 82
332 82
332 83
333 83
334 84
335 84
335 85
336 85
336 86
337 86
337 87
338 87
339 87
339 88
340 88
340 89
341 89
341 90
342 91
342 92
343 92
343 93
344 93
344 94
345 94
345 95
346 95
347 95
347 96
348 96
348 97
349 97
349 98
350 98
350 99
351 99
351 100
352 100
352 101
352 102
353 102
353 103
354 104
354 105
355 105
355 106
356 106
356 107
357 107
358 107
358 108
359 108
359 109
360 109
360 110
360 111
361 111
361 112
362 112
362 113
363 113
363 114
364 114
364 115
365 115
365 116
365 117
366 117
366 118
366 119
367 120
367 121
367 122
368 122
368 123
368 124
369 124
369 125
369 126
370 126
370 127
371 128
371 129
371 130
371 131
371 132
371 133
371 134
371 135
371 136
371 137
372 138
372 139
372 140
372 141
373 141
373 142
374 143
375 143
376 143
376 144
377 144
378 144
378 145
379 145
379 146
379 147
380 147
380 148
380 149
381 150
381 151
381 152
381 153
381 154
382 155
382 156
383 157
383 158
384 159
384 160
385 160
385 161
385 162
385 163
386 164
386 165
386 166
386 167
386 168
386 169
387 170
387 171
387 172
387 173
387 174
387 175
387 176
387 177
387 178
386 179
386 180
386 181
386 182
385 183
385 184
384 185
384 186
383 187
383 188
382 189
382 190
382 191
381 192
381 193
381 194
380 195
380 196
379 197
379 198
378 199
377 200
376 200
375 201
374 202
373 203
372 204
371 204
371 205
371 206
371 207
372 208
372 209
372 210
372 211
371 212
371 213
370 214
190 325
190 324
190 323
191 322
191 323
192 322
193 322
194 321
195 321
196 321
196 322
197 322
198 323
197 324
196 325
195 326
194 326
193 326
192 326
191 325
191 326
196 326
197 325
198 324
202 785
201 784
201 783
201 782
201 781
201 780
202 779
202 778
202 786
203 787
203 788
204 789
204 790
204 791
205 791
205 792
205 793
206 793
206 794
207 794
207 795
208 795
209 795
209 796
210 796
211 796
211 797
212 797
213 797
213 798
214 798
214 799
215 799
216 799
216 800
217 800
218 801
219 801
219 802
220 802
221 803
222 803
222 804
223 804
223 805
224 805
224 806
225 806
225 807
226 807
227 808
228 808
228 809
229 809
230 809
231 809
232 809
232 810
233 810
234 810
235 810
236 810
237 810
238 810
239 811
240 811
241 811
241 812
242 812
243 812
243 813
244 813
245 813
245 814
246 814
247 814
248 815
249 815
250 815
251 815
251 816
252 816
253 816
254 817
255 817
255 818
256 818
256 819
257 819
258 819
258 820
259 820
260 820
260 821
261 821
262 821
262 822
263 822
264 822
265 822
266 823
267 823
268 823
269 823
270 823
271 823
272 823
272 824
273 824
274 824
275 824
275 825
276 825
277 825
277 826
278 826
279 826
280 827
281 827
282 828
283 828
284 829
285 829
286 829
286 830
287 830
288 830
289 830
289 831
290 831
291 831
292 831
293 832
294 832
295 832
296 832
297 832
298 832
299 832
300 832
301 832
302 832
303 832
304 832
305 832
305 833
306 833
307 833
308 834
309 834
310 834
311 834
312 834
313 834
314 834
315 834
316 834
317 834
318 833
319 833
320 833
321 832
321 833
322 832
323 832
324 833
325 833
326 833
327 833
328 833
329 833
330 832
331 832
332 833
333 833
334 833
335 833
336 833
337 833
338 834
339 834
340 834
341 833
342 833
343 833
344 833
345 833
346 833
347 833
348 833
349 833
350 833
351 832
352 832
353 832
354 832
355 832
356 831
357 831
358 831
359 831
360 831
361 831
362 831
363 831
364 831
365 831
366 830
367 830
368 830
369 830
370 829
370 830
371 829
372 828
372 829
373 828
374 827
375 827
376 826
377 826
378 825
378 826
379 825
380 825
381 824
381 825
382 824
383 824
384 824
385 824
386 823
387 823
388 823
389 823
390 823
391 823
392 823
393 822
394 822
395 822
396 822
397 821
398 821
399 821
400 820
401 820
402 820
403 819
404 819
405 819
406 818
407 818
408 817
408 818
409 817
410 816
410 817
411 816
411 815
412 814
412 815
413 814
413 813
414 812
414 813
415 812
415 811
415 810
416 809
416 808
417 807
417 806
418 805
418 804
419 803
419 804
420 803
421 802
422 801
422 802
423 801
424 800
424 801
425 800
426 799
427 798
427 799
428 798
429 797
430 796
430 797
431 796
431 795
432 794
432 795
433 794
433 793
434 793
435 792
436 791
436 792
437 791
437 790
438 790
439 789
440 788
440 789
441 788
442 787
443 786
443 787
444 786
445 785
445 786
446 785
446 784
446 783
447 782
447 783
448 782
448 781
449 781
450 781
451 781
452 781
453 781
454 782
455 782
456 782
457 782
458 783
459 783
460 783
461 783
462 783
463 783
464 783
465 783
466 783
467 784
468 784
469 784
470 784
471 784
472 784
473 784
474 784
475 784
476 784
477 784
478 784
479 784
480 784
481 784
482 784
483 784
484 784
485 784
486 783
487 783
488 783
489 783
490 782
490 783
491 782
492 782
493 782
494 782
495 782
496 781
496 782
497 781
498 781
499 780
499 781
500 780
501 780
502 780
503 780
504 780
505 779
506 779
507 779
508 778
509 778
510 778
511 778
512 778
513 777
514 777
515 777
516 777
517 776
518 776
519 775
520 774
520 775
521 774
522 773
522 774
523 773
524 772
524 773
525 772
526 771
526 772
527 771
528 770
528 771
529 770
530 769
530 770
531 769
532 768
532 769
533 768
534 767
534 768
535 767
535 766
536 766
537 765
537 764
538 763
538 762
539 761
539 760
539 759
539 758
540 757
540 756
540 755
541 754
541 753
541 752
541 751
541 750
542 749
542 748
542 747
542 746
542 745
543 744
544 743
544 744
545 743
546 742
546 743
547 742
547 741
547 740
548 739
548 740
549 739
550 738
550 739
551 738
551 737
552 737
553 736
554 735
554 736
555 735
555 734
556 733
556 734
557 733
557 732
558 731
558 732
559 731
559 730
560 730
561 729
562 729
563 728
564 727
564 728
565 727
565 726
566 725
566 726
567 725
567 724
568 723
568 724
569 723
569 722
570 721
571 720
571 719
572 718
572 719
573 718
573 717
574 716
574 715
575 714
575 715
576 714
576 713
577 712
577 713
578 712
578 711
579 710
579 711
253 642
252 642
251 641
250 641
249 641
248 641
247 641
246 640
245 640
244 640
243 640
242 640
241 640
240 639
239 639
238 638
237 637
236 637
235 636
234 636
233 636
232 635
231 635
230 635
229 634
228 634
227 633
226 632
226 631
225 630
254 642
255 643
256 643
257 644
258 644
258 645
259 645
260 645
260 646
261 646
261 647
262 647
263 648
264 648
264 649
265 649
265 650
266 650
266 651
267 651
268 651
269 651
270 651
271 651
272 651
273 651
273 652
274 652
274 653
275 654
275 655
275 656
276 656
277 656
277 657
278 657
278 658
279 658
279 659
280 659
281 659
281 660
282 660
282 661
283 661
284 661
285 662
286 662
287 662
288 663
289 663
290 663
291 663
291 664
292 664
293 664
294 664
294 665
295 665
296 665
296 666
297 666
298 666
298 667
299 667
300 667
301 668
302 668
303 669
304 669
305 670
306 670
307 671
308 671
309 671
310 672
311 672
312 672
312 673
313 673
314 673
315 674
316 674
317 675
318 675
319 676
320 676
321 677
322 677
322 678
323 678
324 678
324 679
325 679
326 679
326 680
327 680
328 680
329 681
330 681
331 682
332 682
333 683
334 683
334 684
335 684
335 685
336 685
336 686
337 686
337 687
338 688
338 689
338 690
338 691
338 692
338 693
339 693
290 668
289 668
288 667
287 667
286 666
285 666
284 666
283 665
282 665
281 665
280 664
279 664
278 663
277 663
276 662
275 662
274 661
273 660
272 660
271 660
270 659
269 659
268 658
267 658
266 657
265 657
264 656
263 656
262 655
261 654
261 655
290 669
291 669
292 669
292 670
293 670
294 670
295 671
296 671
297 671
298 672
299 672
300 672
300 673
301 673
302 673
302 674
303 674
304 674
305 675
306 675
307 675
307 676
308 676
309 676
310 676
310 677
311 677
312 677
312 678
313 678
314 678
314 679
315 679
316 679
316 680
317 680
318 681
319 681
319 682
320 682
321 682
321 683
322 683
323 683
323 684
324 684
325 685
326 685
326 686
327 686
328 686
328 687
329 687
329 688
330 688
331 689
332 689
332 690
333 690
333 691
334 691
334 692
334 693
335 693
335 694
335 695
336 695
336 696
336 697
336 698
336 699
336 700
337 700
337 701
338 701
338 702
339 702
340 702
340 703
341 703
341 704
342 704
342 705
342 706
343 707
343 708
344 708
344 709
344 710
344 711
344 712
344 713
344 714
344 715
345 716
346 717
347 718
347 719
348 720
347 721
347 722
347 723
347 724
347 725
347 726
347 727
346 728
345 729
344 730
344 731
344 732
343 733
343 734
343 735
343 736
342 737
341 738
340 739
339 740
338 741
337 742
336 742
335 743
334 744
333 745
332 745
331 746
330 747
329 747
328 747
327 748
326 748
325 749
324 749
323 750
322 751
321 751
320 751
319 752
318 752
317 752
316 753
315 754
314 754
313 754
312 754
311 754
310 754
309 754
308 755
307 755
306 754
305 754
304 753
303 752
302 752
301 752
300 753
299 754
298 754
297 755
296 755
331 222
330 222
330 223
331 627
330 627
329 627
328 627
327 627
326 627
325 627
324 627
323 627
322 627
321 626
320 625
319 625
318 624
317 623
316 622
315 622
314 621
313 620
313 619
312 618
312 617
311 616
310 616
309 616
308 616
307 616
306 617
306 618
305 619
305 620
306 619
332 221
333 221
334 220
334 221
335 220
336 219
336 220
337 219
338 218
338 219
339 218
340 217
341 217
342 217
343 217
344 217
345 217
346 217
347 217
348 216
349 216
350 216
351 215
351 216
352 215
353 215
354 215
354 216
355 216
356 216
357 216
358 216
359 216
360 216
361 216
362 216
363 216
364 216
365 216
365 217
365 218
365 219
364 220
363 220
362 220
361 220
360 220
359 220
358 220
357 220
356 220
355 220
354 221
353 221
352 221
351 221
350 221
349 222
348 222
347 222
346 222
345 222
344 222
343 222
342 222
341 222
340 223
339 223
338 223
337 224
336 224
335 225
334 225
333 225
332 225
331 225
330 225
329 226
328 227
327 228
326 228
325 228
324 227
323 226
323 225
324 224
324 225
325 224
325 223
326 223
332 627
333 627
334 627
335 627
336 627
337 627
338 627
339 627
340 627
341 626
342 625
342 626
343 625
343 624
344 624
345 623
345 624
346 623
346 622
347 621
347 620
347 619
348 618
347 617
346 616
345 615
344 614
343 613
342 612
341 611
341 610
342 609
343 609
344 609
345 609
338 224
369 438
368 438
367 438
366 438
365 437
364 437
363 437
362 437
361 438
360 438
359 438
358 438
357 438
356 438
355 438
354 437
353 437
352 437
351 437
350 437
349 437
348 437
347 437
346 438
345 438
344 437
343 437
342 437
341 437
340 437
339 437
338 437
337 436
336 436
335 435
334 434
333 434
332 434
331 434
330 434
329 434
328 435
327 435
326 434
325 434
326 435
370 437
370 438
371 437
372 437
373 437
374 437
375 437
376 437
377 437
378 437
379 437
380 437
381 437
382 437
383 437
384 437
385 437
386 437
387 438
388 438
389 438
390 438
390 439
391 439
392 440
393 440
394 440
395 440
371 95
371 96
371 97
371 98
371 99
371 100
371 101
371 102
371 103
371 104
371 105
372 106
372 107
372 108
372 109
372 110
373 110
373 111
373 112
373 113
374 114
374 115
375 116
375 117
376 117
376 118
376 119
377 120
377 121
377 122
378 123
378 124
378 125
379 125
379 126
380 127
380 128
381 128
381 129
381 130
381 131
381 132
382 133
382 134
383 134
383 135
384 136
384 137
384 138
385 139
385 140
386 140
386 141
387 141
388 142
389 142
389 143
390 143
391 143
391 144
391 145
392 145
392 146
393 146
393 147
394 147
394 148
394 149
395 149
395 150
396 150
396 151
396 152
397 152
397 153
398 153
398 154
398 155
399 155
399 156
400 156
400 157
401 157
401 158
402 158
402 159
403 159
403 160
404 160
404 161
405 161
406 161
407 161
408 161
409 161
410 161
411 160
411 161
412 160
413 160
414 160
415 159
416 159
417 159
418 159
418 160
371 441
370 440
369 441
370 441
372 93
372 94
373 93
373 92
374 91
374 90
375 89
375 90
376 89
377 89
378 88
379 88
380 88
381 88
382 88
383 88
384 88
385 88
386 88
387 88
388 88
388 89
389 89
390 89
391 89
392 89
392 90
393 90
394 90
395 91
396 91
397 91
397 92
398 92
399 92
400 93
401 93
402 93
402 94
403 94
404 94
405 94
405 95
406 95
407 95
408 95
409 95
409 96
410 96
411 96
412 97
413 97
414 97
414 98
415 98
416 98
416 99
417 99
418 100
419 100
419 101
420 101
421 101
421 102
422 102
422 103
423 103
424 104
425 104
425 105
426 105
426 106
427 106
427 107
428 107
428 108
429 108
430 108
430 109
431 109
431 110
432 110
432 111
433 111
433 112
434 112
434 113
435 113
435 114
436 114
436 115
437 115
437 116
438 116
438 117
439 117
440 117
440 118
441 118
441 119
442 119
442 120
443 120
443 121
443 122
444 122
444 123
445 123
445 124
446 124
446 125
447 125
447 126
448 126
448 127
449 127
449 128
450 128
450 129
451 129
451 130
452 131
452 132
453 132
453 133
454 133
454 134
455 134
455 135
456 135
456 136
457 136
457 137
458 137
458 138
459 138
459 139
460 139
461 140
462 140
462 141
463 141
464 141
464 142
465 142
465 143
466 143
466 144
467 144
468 144
468 145
469 145
469 146
470 146
470 147
471 147
471 148
472 148
472 149
473 149
473 150
474 150
474 151
475 151
475 152
475 153
476 153
476 154
476 155
477 155
477 156
478 156
478 157
478 158
479 158
479 159
480 159
480 160
481 160
481 161
481 162
482 162
482 163
482 164
483 165
483 166
483 167
484 167
484 168
485 169
485 170
486 170
486 171
487 171
487 172
487 173
488 173
488 174
489 175
489 176
490 176
490 177
491 177
491 178
492 178
492 179
493 179
493 180
493 181
494 181
494 182
495 182
495 183
495 184
496 185
496 186
497 186
497 187
497 188
498 188
498 189
499 189
499 190
499 191
500 191
500 192
500 193
501 193
501 194
502 195
502 196
502 197
503 198
503 199
503 200
503 201
503 202
503 203
503 204
503 205
503 206
503 207
502 208
502 209
502 210
502 211
501 212
500 213
499 214
498 214
497 215
496 216
495 217
495 218
494 219
493 220
493 221
492 222
492 223
491 224
492 224
372 441
373 441
374 441
375 441
376 441
377 441
378 441
379 441
380 441
381 441
382 441
383 441
384 441
385 441
386 441
386 442
387 442
387 443
387 444
388 445
389 445
389 446
390 446
390 447
390 448
391 448
391 449
391 450
391 451
391 452
391 453
391 454
391 455
392 456
392 457
392 458
391 459
391 460
391 461
390 462
390 463
390 464
390 465
390 466
391 467
391 468
391 469
391 470
391 471
391 472
391 473
391 474
391 475
390 476
390 477
390 478
390 479
389 480
390 480
390 481
390 482
390 483
391 484
391 485
391 486
391 487
390 488
390 489
390 490
390 491
390 492
390 493
389 494
389 495
389 496
389 497
388 498
388 499
387 500
386 501
385 501
385 502
385 503
385 504
385 505
386 505
386 506
385 507
384 508
384 509
383 510
384 510
384 511
384 512
384 513
383 514
382 515
381 516
381 517
381 518
381 519
381 520
380 521
380 522
379 523
379 524
378 525
377 526
377 527
376 528
376 529
376 530
376 531
375 532
375 533
374 534
373 535
373 536
372 537
371 538
371 539
371 540
370 541
370 542
369 543
369 544
368 545
367 546
366 547
366 548
365 549
364 550
363 551
362 552
361 553
361 554
360 555
359 556
358 557
357 557
357 558
356 559
356 560
356 561
355 562
355 563
354 564
353 565
353 566
352 567
352 568
351 569
350 569
350 570
349 571
349 572
349 573
349 574
349 575
350 575
350 576
351 576
352 576
352 577
379 432
378 431
377 430
376 429
376 428
375 427
374 426
374 425
373 424
372 423
371 422
370 421
369 420
368 419
368 418
367 417
366 416
365 415
364 414
363 413
362 413
361 412
360 411
359 410
359 409
358 408
357 407
357 406
357 405
356 404
356 403
355 402
354 401
354 400
353 399
352 398
351 397
350 396
349 395
348 394
347 393
346 392
345 391
344 390
343 389
343 388
342 387
342 386
341 385
340 384
339 383
338 382
337 381
336 380
335 379
334 378
333 377
332 376
331 375
330 374
329 373
328 372
327 372
326 371
325 370
324 369
323 369
322 368
321 367
320 367
319 366
318 365
317 364
316 364
315 363
314 363
313 363
312 363
311 362
310 363
309 363
308 364
307 364
306 365
305 366
304 366
303 366
302 366
302 367
302 368
302 369
301 370
301 371
300 372
299 373
300 373
380 433
381 433
382 433
382 434
383 434
384 434
385 434
386 434
387 434
387 435
388 435
389 435
390 435
391 435
392 435
393 436
394 436
394 437
395 437
396 437
396 438
397 438
398 438
399 438
400 438
401 438
402 437
402 438
403 437
388 365
387 364
386 363
385 362
384 361
383 360
382 359
381 359
380 358
380 357
380 356
381 355
381 356
382 355
383 355
384 355
384 356
385 356
385 357
386 357
387 357
387 358
388 358
388 359
389 359
389 360
390 360
390 361
391 361
391 362
392 362
392 363
393 363
393 364
394 364
394 365
395 365
395 366
396 366
396 367
397 367
397 368
398 368
399 368
399 369
400 369
401 369
401 370
402 370
403 371
404 371
404 372
405 372
405 373
406 373
406 374
407 374
407 375
408 376
409 377
410 377
410 378
411 378
411 379
412 379
413 380
414 380
414 381
415 381
415 382
416 382
416 383
417 383
417 384
418 384
418 385
419 385
419 386
420 386
420 387
421 387
421 388
422 388
422 389
423 389
423 390
424 390
424 391
425 391
425 392
426 392
426 393
427 393
427 394
428 394
428 395
429 395
429 396
430 396
430 397
431 397
431 398
432 398
432 399
433 399
433 400
434 400
434 401
435 401
435 402
436 402
436 403
437 403
437 404
438 404
438 405
439 406
440 407
441 408
442 409
443 409
443 410
444 410
444 411
445 411
445 412
446 412
447 413
448 413
448 414
449 414
449 415
450 415
450 416
451 416
451 417
452 417
452 418
453 418
454 418
454 419
455 419
456 419
457 419
458 419
459 418
459 417
460 417
461 417
462 416
463 416
464 416
465 416
466 416
466 417
467 417
467 418
467 419
466 420
465 420
464 420
463 421
462 422
461 423
461 424
462 425
462 426
462 427
463 427
463 428
463 429
464 429
464 430
465 431
466 431
466 432
467 432
467 433
468 433
468 434
469 434
469 435
470 435
470 436
470 437
471 437
472 438
473 438
473 439
473 440
474 440
474 441
475 441
475 442
476 442
476 443
477 443
478 443
478 444
479 444
479 445
480 446
480 447
481 447
482 448
483 448
483 449
484 449
484 450
485 450
485 451
486 451
486 452
486 453
487 453
487 454
488 454
488 455
489 455
490 455
491 456
492 456
493 456
494 457
495 457
496 458
497 458
498 459
499 459
500 459
501 459
502 460
503 460
504 460
505 460
506 460
506 461
507 461
508 461
509 461
510 461
511 461
512 461
513 461
513 462
514 462
514 463
515 463
515 464
514 465
514 466
514 467
514 468
514 469
514 470
513 471
512 472
511 473
510 473
509 473
508 474
507 474
506 475
505 475
504 475
503 476
502 476
501 476
500 477
499 477
498 477
497 477
496 477
495 477
494 477
493 478
492 479
491 480
490 481
489 482
488 483
487 484
486 485
485 486
484 487
483 488
482 489
482 490
481 491
480 492
479 492
478 493
477 492
476 491
476 490
476 489
477 488
477 487
478 486
478 487
388 366
389 366
389 367
390 367
390 368
391 368
391 369
392 369
392 370
393 370
393 371
394 371
394 372
395 372
396 373
397 373
397 374
398 374
399 374
399 375
400 375
400 376
401 376
402 376
402 377
403 377
403 378
404 378
404 379
405 379
406 379
406 380
407 380
407 381
408 381
408 382
409 382
409 383
410 383
410 384
411 384
412 385
413 385
413 386
414 386
414 387
415 387
415 388
416 388
416 389
416 390
417 390
417 391
418 392
418 393
419 393
419 394
420 394
420 395
421 395
421 396
422 396
422 397
423 397
423 398
424 398
424 399
425 399
425 400
426 400
426 401
427 401
428 401
428 402
429 402
429 403
430 403
430 404
431 404
431 405
432 405
432 406
433 406
433 407
434 407
434 408
435 408
435 409
435 410
436 410
436 411
437 411
437 412
438 412
438 413
439 413
439 414
440 414
440 415
441 416
441 417
442 417
442 418
443 419
443 420
443 421
444 421
444 422
445 423
445 424
445 425
445 426
446 426
446 427
447 427
447 428
448 428
449 428
449 429
450 429
451 429
451 430
452 430
453 431
454 431
454 432
455 432
456 432
456 433
457 433
458 433
459 434
460 434
461 434
461 435
462 435
463 436
464 436
464 437
465 437
465 438
466 438
466 439
467 439
467 440
468 440
468 441
469 442
469 443
470 443
470 444
471 444
472 445
472 446
473 446
473 447
474 447
474 448
475 448
475 449
476 449
476 450
477 450
477 451
478 451
478 452
479 453
479 454
480 454
480 455
481 456
481 457
482 458
482 459
483 460
483 461
483 462
484 462
484 463
484 464
484 465
484 466
484 467
484 468
484 469
484 470
484 471
484 472
483 473
483 474
483 475
482 476
482 477
481 478
481 479
481 480
480 481
480 482
480 483
479 484
479 485
388 378
388 379
388 380
388 381
389 381
389 382
390 382
391 381
392 380
392 381
393 380
393 379
392 378
391 377
390 377
389 377
389 378
392 173
392 174
391 175
390 175
393 166
393 167
393 168
393 169
393 170
393 171
393 172
393 173
394 165
394 166
395 165
396 165
397 165
398 165
399 165
400 165
401 165
402 166
403 166
404 166
405 166
406 166
407 166
408 166
409 165
410 165
411 165
412 165
413 164
414 164
415 164
416 163
417 163
418 162
418 163
419 162
420 163
421 163
421 164
421 165
422 164
423 164
394 169
402 660
401 659
401 658
401 657
400 656
400 655
400 654
400 653
401 653
402 653
403 654
402 661
403 661
403 662
404 662
404 663
405 663
405 664
406 664
406 665
407 665
407 666
407 667
408 667
409 667
409 668
410 668
411 668
411 669
412 669
413 669
414 669
415 668
416 668
417 668
418 668
419 668
420 668
421 668
422 668
423 668
424 668
425 668
425 669
426 668
426 669
426 670
427 670
428 671
429 671
430 670
430 671
431 671
432 671
433 671
414 663
413 662
412 661
411 661
410 660
409 659
408 659
407 658
406 657
405 657
404 657
415 663
416 663
417 663
418 663
419 663
419 664
420 664
421 664
422 664
423 664
423 665
424 665
425 665
426 665
426 666
427 666
428 666
429 666
429 667
429 668
430 668
416 810
417 808
418 806
439 534
438 535
437 535
436 536
435 536
434 535
433 534
433 533
433 532
433 531
434 530
434 529
435 528
435 529
436 528
436 527
437 526
437 527
438 526
439 525
439 526
440 525
441 524
441 525
442 524
442 523
443 523
444 522
445 521
445 522
446 521
446 520
447 520
448 519
449 519
450 519
451 520
451 521
450 522
449 523
448 524
447 525
446 526
445 527
444 528
443 529
442 529
442 530
441 531
440 532
439 533
440 533
441 532
477 489
480 226
479 226
478 227
477 227
476 228
475 228
474 228
473 227
472 227
471 227
470 227
469 227
468 227
467 227
466 227
465 227
464 226
463 226
462 226
461 226
460 226
481 226
482 226
483 226
484 226
485 226
486 226
487 227
488 227
488 228
488 229
489 228
481 481
482 478
483 489
484 488
485 487
486 486
487 485
488 484
489 483
490 482
491 481
492 480
493 479
494 478
496 217
497 216
498 215
498 221
497 222
496 223
495 224
495 225
496 224
497 223
498 222
499 221
500 220
501 219
501 220
502 219
503 218
503 219
504 218
505 217
505 218
506 217
507 216
508 216
509 215
510 215
511 215
512 215
513 215
514 215
514 216
515 216
515 217
515 218
516 218
516 219
516 220
516 221
516 222
516 223
517 224
517 225
517 226
517 227
518 227
518 228
518 229
518 230
519 230
519 231
520 231
521 231
522 231
523 230
523 231
524 230
524 229
524 228
524 227
524 226
524 225
524 224
524 223
524 222
523 221
523 220
523 219
523 218
522 217
522 216
522 215
523 214
524 214
525 214
526 214
527 215
528 215
529 215
530 215
530 216
531 216
532 216
533 216
534 216
535 217
536 217
537 217
537 218
538 218
539 218
539 219
540 219
540 220
541 220
541 221
542 221
542 222
542 223
543 223
543 224
543 225
544 225
544 226
545 226
546 227
547 227
548 228
549 228
549 229
550 229
551 229
551 230
552 230
552 231
553 231
554 232
555 232
555 233
556 233
556 234
557 234
557 235
558 235
558 236
559 236
560 236
560 237
561 237
561 238
562 238
562 239
563 239
563 240
564 240
564 241
565 241
565 242
566 242
567 242
567 243
568 243
568 244
569 244
569 245
570 245
570 246
571 246
571 247
572 247
572 248
573 249
573 250
574 250
574 251
575 252
575 253
576 253
576 254
576 255
577 256
577 257
577 258
578 258
578 259
578 260
579 261
579 262
579 263
580 263
580 264
580 265
581 266
581 267
582 267
582 268
583 269
583 270
584 271
584 272
585 272
585 273
585 274
586 274
586 275
586 276
587 276
587 277
588 277
588 278
589 278
589 279
589 280
590 280
590 281
591 281
591 282
592 282
593 282
593 283
594 283
595 284
596 284
596 285
597 286
597 287
598 287
598 288
599 288
599 289
600 289
601 289
601 290
602 290
602 291
603 291
603 292
604 292
604 293
605 293
606 294
607 294
607 295
608 295
608 296
609 296
609 297
610 297
610 298
611 298
611 299
612 299
612 300
613 300
613 301
614 302
614 303
615 303
615 304
616 304
616 305
617 305
617 306
618 306
618 307
618 308
619 309
619 310
619 311
619 312
620 312
620 313
620 314
620 315
620 316
620 317
620 318
620 319
621 319
621 320
621 321
621 322
621 323
622 323
622 324
622 325
623 325
623 326
624 326
624 327
625 328
625 329
626 330
626 331
626 332
626 333
627 333
627 334
627 335
628 336
628 337
629 337
629 338
630 339
630 340
630 341
631 341
631 342
631 343
632 344
632 345
632 346
633 347
633 348
634 348
634 349
634 350
635 350
635 351
635 352
635 353
636 354
636 355
636 356
637 356
637 357
638 357
638 358
639 359
639 360
640 360
640 361
640 362
640 363
641 363
641 364
641 365
642 366
642 367
642 368
643 369
643 370
643 371
643 372
643 373
644 373
644 374
644 375
645 375
645 376
645 377
645 378
645 379
645 380
645 381
645 382
645 383
645 384
645 385
645 386
645 387
645 388
645 389
645 390
645 391
645 392
645 393
645 394
645 395
645 396
645 397
646 398
646 399
646 400
647 401
647 402
647 403
647 404
648 404
648 405
648 406
648 407
649 407
649 408
649 409
650 410
650 411
650 412
650 413
650 414
650 415
650 416
650 417
651 418
651 419
651 420
650 421
650 422
650 423
650 424
650 425
649 426
649 427
649 428
649 429
648 430
648 431
648 432
647 433
647 434
647 435
646 436
646 437
645 438
644 439
643 440
642 441
641 442
640 443
639 444
638 445
637 446
636 446
635 447
634 447
633 448
632 448
631 449
630 449
629 449
628 449
627 449
626 449
625 449
624 449
623 449
622 449
621 449
620 449
619 449
618 449
617 450
616 450
615 450
614 450
613 450
612 450
611 450
610 450
609 450
608 450
607 451
606 451
605 451
604 451
603 451
602 451
601 451
600 451
599 451
598 451
597 451
596 451
595 451
594 451
593 451
592 452
591 452
590 452
589 452
588 452
587 452
586 452
585 452
584 452
583 452
582 452
581 452
580 452
579 452
578 452
577 452
576 452
575 452
574 452
573 452
572 452
571 452
570 452
569 452
568 452
567 452
566 452
565 452
564 452
563 452
562 452
561 452
560 452
559 452
558 452
557 452
556 452
555 452
554 452
553 452
553 453
554 453
500 214
501 213
501 477
507 475
509 474
512 645
511 646
510 646
509 645
509 644
509 643
509 642
510 641
510 642
511 641
512 640
513 640
514 639
515 639
516 639
517 638
518 637
518 638
519 637
519 636
520 636
521 635
522 635
523 634
523 635
524 634
524 633
525 632
525 633
526 632
527 631
528 630
528 631
529 630
530 629
530 630
531 629
532 628
532 629
533 628
533 627
534 626
534 627
535 626
535 625
536 625
537 624
538 623
538 624
539 623
539 622
540 621
540 622
541 621
542 620
543 620
544 619
545 619
546 618
547 618
548 618
549 617
550 617
551 617
552 617
553 617
554 616
555 616
556 617
557 617
557 618
558 619
557 620
556 621
555 622
554 623
553 623
552 624
551 624
550 625
549 625
548 625
547 625
546 625
545 625
544 625
543 625
542 626
541 626
541 627
540 628
539 628
538 629
537 630
536 631
535 632
534 632
533 633
532 634
531 635
530 635
529 636
528 637
527 638
526 639
525 639
524 640
523 640
522 641
521 642
520 643
519 643
518 643
517 644
516 644
515 644
514 644
513 645
512 646
513 472
514 471
514 645
528 638
529 637
530 636
538 764
540 758
543 626
552 696
552 697
552 698
552 699
552 700
553 700
553 701
553 702
554 702
554 703
555 703
555 704
555 705
556 705
556 706
557 706
557 707
557 708
558 708
558 709
558 710
559 710
559 711
560 711
560 712
561 712
561 713
562 714
562 715
563 715
563 716
564 716
564 717
565 717
566 717
567 717
567 718
568 717
568 716
569 715
569 714
569 713
568 712
568 711
567 710
566 709
566 708
565 707
565 706
565 705
564 704
564 703
563 702
562 701
561 700
560 699
559 698
558 697
557 696
556 695
555 695
554 695
553 695
553 696
553 624
554 456
553 455
552 455
551 456
550 456
549 457
548 457
548 458
549 458
549 459
550 458
550 457
555 456
556 456
557 456
558 456
559 456
560 456
561 456
562 456
563 456
564 456
565 456
566 456
567 456
567 457
568 456
569 456
570 456
571 456
572 456
573 456
574 456
575 456
576 456
577 456
578 456
578 457
579 457
580 457
581 457
582 457
583 457
584 457
585 457
586 457
587 457
588 457
589 456
589 457
590 456
591 456
592 456
593 456
594 456
595 456
596 456
597 456
598 456
599 456
600 456
601 456
602 456
603 456
604 456
605 456
606 456
607 456
608 456
609 456
610 456
611 456
612 456
613 456
614 456
615 456
616 456
617 456
618 456
619 456
620 456
621 456
622 456
623 456
624 456
625 456
626 456
627 457
628 457
629 457
630 457
630 458
631 458
632 459
633 459
634 459
634 460
635 460
636 460
637 461
638 461
638 462
639 462
639 463
640 463
640 464
641 464
641 465
642 466
642 467
643 468
643 469
644 470
644 471
644 472
644 473
644 474
645 474
645 475
645 476
645 477
645 478
645 479
646 480
646 481
646 482
646 483
646 484
646 485
646 486
646 487
646 488
646 489
646 490
646 491
646 492
646 493
646 494
646 495
646 496
646 497
646 498
646 499
646 500
645 501
645 502
645 503
645 504
644 505
644 506
644 507
644 508
643 509
643 510
642 511
642 512
642 513
642 514
641 515
641 516
641 517
641 518
640 519
640 520
639 521
638 522
637 523
636 524
635 524
635 525
634 526
634 527
634 528
634 529
634 530
634 531
634 532
634 533
634 534
633 535
633 536
632 537
632 538
631 539
631 540
630 541
630 542
629 543
629 544
628 545
628 546
627 547
626 548
625 549
624 550
623 551
622 552
621 553
620 553
619 554
618 555
617 556
617 557
617 558
617 559
618 560
618 561
618 562
619 562
619 563
619 564
619 565
620 566
619 567
619 568
618 569
618 570
618 571
617 572
617 573
617 574
616 575
616 576
616 577
616 578
616 579
615 580
615 581
615 582
614 583
614 584
613 585
612 586
611 587
611 588
610 589
609 590
608 591
608 592
607 593
606 594
605 595
604 596
604 597
603 598
603 599
602 600
601 601
600 602
599 603
598 604
597 605
596 606
595 607
594 608
594 609
593 610
593 611
594 610
556 622
557 621
558 620
556 696
558 696
559 697
560 698
561 699
562 700
563 701
564 702
565 704
566 707
567 709
568 710
569 712
569 716
574 717
580 708
580 709
581 708
581 707
581 706
582 705
582 704
583 703
583 702
584 701
584 702
585 701
585 700
585 699
586 698
586 699
587 698
587 697
588 696
588 695
589 694
589 693
590 692
590 691
590 690
590 689
591 688
591 687
591 686
591 685
591 684
591 683
592 682
592 681
592 680
593 679
593 680
594 679
594 678
594 677
595 676
595 675
596 674
596 673
596 672
597 671
597 670
597 669
597 668
598 667
598 666
598 665
598 664
599 663
599 662
599 661
600 660
600 659
600 658
600 657
600 656
601 655
601 654
601 653
602 652
602 651
602 650
602 649
602 648
602 647
603 646
603 645
603 644
603 643
603 642
604 641
604 640
604 639
604 638
604 637
604 636
604 635
604 634
604 633
604 632
604 631
604 630
604 629
604 628
604 627
603 626
603 625
602 624
601 623
600 622
600 621
600 620
599 619
599 618
598 617
597 616
596 615
595 614
594 613
593 613
592 613
582 706
583 704
589 695
595 608
596 607
597 606
598 605
599 604
600 603
601 602
602 601
595 677
596 675
598 668
601 622
602 623
603 624
601 656
603 647
604 598
604 626
605 596
606 595
607 594
608 593
609 591
610 590
612 587
613 586
615 583
616 580
618 450
618 556
619 555
620 554
619 569
620 567
623 552
624 551
625 550
626 549
627 548
628 547
629 545
630 543
634 448
634 535
638 523
639 522
639 445
640 444
641 443
642 442
643 441
644 440
645 439
646 438
641 519
643 511
646 501
648 433
649 430
